,cap-shape_b,cap-shape_c,cap-shape_f,cap-shape_k,cap-shape_s,cap-shape_x,cap-surface_f,cap-surface_g,cap-surface_s,cap-surface_y,cap-color_b,cap-color_c,cap-color_e,cap-color_g,cap-color_n,cap-color_p,cap-color_r,cap-color_u,cap-color_w,cap-color_y,bruises_f,bruises_t,odor_a,odor_c,odor_f,odor_l,odor_m,odor_n,odor_p,odor_s,odor_y,gill-attachment_a,gill-attachment_f,gill-spacing_c,gill-spacing_w,gill-size_b,gill-size_n,gill-color_b,gill-color_e,gill-color_g,gill-color_h,gill-color_k,gill-color_n,gill-color_o,gill-color_p,gill-color_r,gill-color_u,gill-color_w,gill-color_y,stalk-shape_e,stalk-shape_t,stalk-root_?,stalk-root_b,stalk-root_c,stalk-root_e,stalk-root_r,stalk-surface-above-ring_f,stalk-surface-above-ring_k,stalk-surface-above-ring_s,stalk-surface-above-ring_y,stalk-surface-below-ring_f,stalk-surface-below-ring_k,stalk-surface-below-ring_s,stalk-surface-below-ring_y,stalk-color-above-ring_b,stalk-color-above-ring_c,stalk-color-above-ring_e,stalk-color-above-ring_g,stalk-color-above-ring_n,stalk-color-above-ring_o,stalk-color-above-ring_p,stalk-color-above-ring_w,stalk-color-above-ring_y,stalk-color-below-ring_b,stalk-color-below-ring_c,stalk-color-below-ring_e,stalk-color-below-ring_g,stalk-color-below-ring_n,stalk-color-below-ring_o,stalk-color-below-ring_p,stalk-color-below-ring_w,stalk-color-below-ring_y,veil-color_n,veil-color_o,veil-color_w,veil-color_y,ring-number_n,ring-number_o,ring-number_t,ring-type_e,ring-type_f,ring-type_l,ring-type_n,ring-type_p,spore-print-color_b,spore-print-color_h,spore-print-color_k,spore-print-color_n,spore-print-color_o,spore-print-color_r,spore-print-color_u,spore-print-color_w,spore-print-color_y,population_a,population_c,population_n,population_s,population_v,population_y,habitat_d,habitat_g,habitat_l,habitat_m,habitat_p,habitat_u,habitat_w
cap-shape_b,1.0,-0.005387247166079992,-0.19326021784649755,-0.08176880974477724,-0.015263775592867257,-0.21956415040992708,-0.0916381485414389,0.01881960901601571,0.11771249037983822,-0.02794725390374622,0.010010644428695164,-0.01791164933164289,-0.11550489455104007,-0.06975966956245509,-0.08490178929942183,0.016230758056539573,-0.010782464616323092,-0.010782464616323631,0.21238043065819967,0.1179808842333929,-0.11568605973267151,0.11568605973267151,0.2624550426589863,-0.03776366895998382,-0.1460740190472786,0.2624550426589871,-0.016193681729986635,-0.00031366026470916843,-0.04378271886652039,-0.0670517653151476,-0.06705176531514778,0.12289605397740147,-0.12289605397740146,-0.03940591006628214,0.03940591006628214,0.14844938823046408,-0.14844938823046813,-0.12616316106253572,-0.026542807350310994,0.12258679044713489,-0.07638172843321642,0.10154737645706857,0.034750974429916,0.07555810923561795,-0.07074672326788135,0.10552291962535132,-0.06162803078807723,0.08488359591040082,0.06409475759664807,0.277873238310796,-0.277873238310796,0.016346888820497618,-0.18097618264972995,0.4829137455063925,-0.09706236364175966,-0.03776366895998752,-0.06553588318962159,-0.08972957729967151,0.11393825045762909,0.04615531581397347,-0.06854348031432325,-0.09553419405432981,0.12688281652258462,-0.005265783224462401,-0.05752242095107964,-0.016193681729986635,-0.026542807350311,-0.06705176531514116,-0.049228762288447976,0.13192219753938186,-0.13281843475901267,0.16150021900381706,0.02662150413744856,-0.05752242095107963,-0.016193681729986635,-0.026542807350311056,-0.06705176531514047,-0.045271923526117856,0.13192219753938186,-0.13281843475901278,0.15739104605882245,0.04615531581397639,0.09272365665074617,0.09272365665074503,-0.13471047885372509,0.02662150413744856,-0.016193681729986635,-0.20113858598147372,0.21070144532725352,-0.1635530284697958,-0.018712740019451408,-0.10574763537068867,-0.016193681729986635,0.2376658007109823,0.06537039046617517,-0.12169864476461713,0.03040930353343117,0.03823472714799611,0.0653703904661754,0.1833150208395438,-0.018712740019452695,-0.02459199194436748,0.06537039046617499,-0.054064233754136846,0.02435818331924702,0.3815892581788588,0.15870211802194598,-0.16838071688935777,-0.12015400524305365,-0.18203718668132943,0.14915094728791153,0.010112526911942137,0.3743163296540362,-0.09517760425685803,-0.05287129275457638,-0.0377636689599805
cap-shape_c,-0.005387247166079992,1.0,-0.017671748635613202,-0.007476954482120928,-0.0013957223504829084,-0.02007698489979886,-0.014032410198717532,0.2496305418718906,-0.01503774764567989,0.015892568665163666,-0.0032252191862891712,-0.0016378443953191978,-0.010561788067063526,-0.012009994385159891,-0.013880132351461962,-0.0029814791830885617,-0.0009859504790758315,-0.0009859504790758614,0.024711009925192436,0.0241362405144612,-0.0038029404303546693,0.00380294043035467,-0.005050807819459862,-0.003453116595105279,-0.013357034238923426,-0.005050807819459868,-0.0014807531327776888,0.025332479671813762,-0.00400349958731465,-0.006131225326284098,-0.0061312253262841105,-0.0036154603696996967,0.0036154603696996984,-0.05057342694217172,0.05057342694217172,-0.03317424095018712,0.03317424095018803,-0.011536381849381439,-0.0024270790171148095,-0.007088726785788085,-0.0069843588104486366,-0.005103709575917056,-0.008541589783253863,-0.001977763907536083,-0.010527230540342693,-0.0012081339604880336,-0.005635278078077046,0.03763410675787485,0.05192163503792771,0.025408778250951367,-0.02540877825095137,-0.014712426930124364,0.001566596866927125,0.03793463723555359,-0.008875399766023806,-0.0034531165951059294,-0.005992612795562632,-0.014252789947243603,-0.0063296004791518435,0.20326853885209284,-0.006267628010679784,-0.013964703723271835,-0.004890088081356936,0.05619487807398345,-0.005259860385579781,-0.0014807531327776888,-0.0024270790171148126,-0.006131225326283916,-0.005361959199594377,-0.003453116595104689,-0.012144941257912547,-0.0022073713348863162,0.353117883459789,-0.005259860385579785,-0.0014807531327776888,-0.0024270790171148134,-0.006131225326283921,-0.005756222486655188,-0.003453116595104689,-0.01214494125791255,-0.001764967768931999,0.203268538852094,-0.0024270790171145636,-0.002427079017114566,-0.06808900992920397,0.353117883459789,-0.0014807531327776888,0.006468411208672609,-0.006267628010679689,0.007407770507372339,-0.0017110962700561101,-0.009669582555091141,-0.0014807531327776888,0.0005137552033346994,-0.0017110962700559657,-0.011128145686367929,-0.012144941257912812,-0.01254917635438116,-0.0017110962700559631,-0.002098777241286479,-0.0017110962700562851,0.03439849099000914,-0.0017110962700559612,-0.004943643134249079,0.10619741271109838,-0.005050807819460982,-0.009455648938463023,-0.022074953472781007,-0.011468512819476062,-0.01765343232578408,-0.013306499597154062,0.06570730394398684,-0.004285554943190196,-0.008985397243003287,-0.00483456039742872,-0.0034531165951051704
cap-shape_f,-0.19326021784649755,-0.017671748635613202,1.0,-0.26822564614097266,-0.050069654721960316,-0.7202347239357104,0.06480104359913545,-0.0062849080648867675,-0.09339705879298282,0.029075683200406415,0.019202991478554032,-0.003687467483366152,0.009127976635863072,0.05679350115809577,0.0190143095386478,-0.04569632203520354,0.010211413180640958,0.01021141318064111,-0.08884113511530124,-0.010390466251718949,-0.04518757944344633,0.04518757944344633,-0.09713028482629744,-0.12387589521065477,0.08344858893038166,-0.09713028482629746,-0.007482642301618289,0.06685592988178904,0.04146393690372269,-0.03098272424462021,-0.03098272424461954,-0.04373957424514962,0.04373957424514913,0.0391535039889195,-0.039153503988919515,0.07576572520228832,-0.07576572520228982,-0.05829642829921103,-0.012264680533726766,-0.04860447994497293,0.0723364663123709,-0.025790411867162213,0.0070765733333795705,-0.025233030595819047,0.0594483859813518,0.012512550386577646,0.03294734760367307,-0.013773228720539033,-0.02558782348625862,-0.1163239632121177,0.1163239632121177,-0.13285455957706646,0.1585057250052377,-0.20180548831875417,0.08019855144632806,0.03576366264014264,0.05804992890047685,0.019832275758898336,-0.04739549191155654,-0.015413812069619526,0.06104992685004221,0.023582063942637684,-0.060578878775553346,0.01624480017566404,0.054475968935057885,-0.007482642301618289,-0.012264680533726795,0.06350062851938021,0.051106854833794534,-0.04405611628525998,0.03940459206201241,-0.09644832377586934,-0.008890392245155641,0.05447596893505692,-0.007482642301618289,-0.012264680533726799,0.0635006285193797,0.04298466159915075,-0.04405611628525998,0.03940459206201263,-0.09271047717723332,-0.01541381206961896,-0.030965556032223136,-0.03096555603222306,0.044987277591786536,-0.008890392245155641,-0.007482642301618289,0.10791638962590011,-0.10894027889020003,-0.014406840291106528,0.017721692292064516,0.10014712183811401,-0.007482642301618289,-0.06141417624120119,-0.021830787977367483,0.11525334786022726,0.015410250610326446,0.014411402280116031,-0.021830787977367396,0.02173687425456654,0.017721692292067517,-0.12559691303267145,-0.02183078797736754,0.05120093121591158,-0.035213798479502574,-0.18119091057037795,-0.07580372652489924,0.03462537878252229,0.11134585101902733,0.07498601181951517,-0.01798211724509539,-0.05232596250084411,-0.1293122923440802,0.02189112679361622,0.03063599614548683,-0.01744952331013118
cap-shape_k,-0.08176880974477724,-0.007476954482120928,-0.26822564614097266,1.0,-0.021184577543005276,-0.304732845535086,-0.15894192956596775,0.010863256330906991,0.13798772409293472,0.015261209898249249,-0.0032094841050611875,0.04166186899996461,0.1626572201427879,-0.1356322595137871,0.1259915255723562,0.0040808345075465146,-0.01496497091296066,-0.014964970912961128,-0.0681901276626539,-0.12413223448999784,0.22957773084041222,-0.22957773084041222,-0.07666226013302513,-0.05241215507421447,-0.025921475344363003,-0.07666226013302521,0.05103063203794105,-0.09815150193614929,-0.0607659878925872,0.21129808652194998,0.21129808652195095,0.08357549739435247,-0.08357549739435247,0.019590967534221085,-0.019590967534221116,-0.3063327528690878,0.3063327528690961,0.3975739400265286,0.08364350107236214,-0.06267206750709048,-0.10601011781242478,-0.07746521450386287,-0.11022572660875103,0.04361446126785919,-0.1261601108260574,-0.018337320140674948,-0.08553347689827716,-0.024646022212223912,0.05659033924482477,-0.08733241965811077,0.08733241965811075,0.4764017301988852,-0.2959917953547838,-0.06875164825451167,-0.134712748924203,-0.05241215507422159,-0.07802334114408709,0.10223121272849939,-0.05884110177816634,0.026642265856555575,-0.08268620968864927,0.0913242566296808,-0.0375606415702592,-0.006524265373734063,-0.07983530547114807,0.05103063203794105,0.08364350107236221,-0.09306107214903729,-0.07425537248518906,0.07614954414765739,0.09391607852753246,-0.010607534723705346,0.015366749814691475,-0.07983530547114812,0.05103063203794105,0.08364350107236218,-0.0930610721490369,-0.04718648911139133,0.07614954414765739,0.09391607852753321,-0.023523929032950912,0.02664226585655627,0.053522942441512095,0.053522942441512594,-0.07775902575880948,0.015366749814691475,0.05103063203794105,-0.16839243055778766,0.15999542597270414,0.32861273657324186,-0.025971391519247128,-0.14676702810982478,0.05103063203794105,-0.20708046117394316,0.03773379709860844,-0.1689054166978088,-0.18433856113611446,-0.17907867290513652,0.03773379709860854,-0.03185569765945863,-0.025971391519249005,0.4792399178790419,0.037733797098608614,-0.07503569122198214,0.1408963974130939,0.013599218319249373,-0.0893599359468128,0.1727072685262381,-0.1700811164353667,-0.08922952870731135,-0.1134041488968722,0.23510794244936895,-0.06504708545895949,0.0905379807418706,-0.07338000970625985,0.11900344388829082
cap-shape_s,-0.015263775592867257,-0.0013957223504829084,-0.050069654721960316,-0.021184577543005276,1.0,-0.056884450006570955,0.09946419258828162,-0.0013957223504833043,-0.04260669659468247,-0.05127168187002563,-0.009138066322123991,-0.004640531339196675,-0.029924887042510007,0.0410926460162917,0.030614300121033174,-0.008447473780673708,-0.0027935096338350344,-0.0027935096338352044,-0.02409486212308834,-0.024518183606730037,0.05302649430695262,-0.05302649430695261,-0.01431053648407711,-0.009783771781543597,-0.03784470378356304,-0.014310536484077124,-0.004195442093220202,0.07177492938433883,-0.011343180923962335,-0.017371701094197476,-0.017371701094197483,-0.010243743055907986,0.010243743055907988,0.027597938974516498,-0.027597938974516484,-0.0939931199956075,0.09399311999561007,-0.032686219561497754,-0.006876682714068584,0.03415985456502606,-0.019788898161943385,0.0575227156480199,0.02270000832677026,-0.005603630858144853,0.010775294456410964,-0.0034230257291925424,-0.01596652563645277,-0.026204959236433532,-0.006504625192020552,0.07199110739776297,-0.07199110739776306,-0.041684960085325476,-0.058602787912505,-0.017044877573157743,0.15725740668333812,-0.009783771781544551,-0.01697896794161505,-0.04038266309679358,0.04745846178911302,-0.0034230257291922965,-0.017758173053008343,-0.03956642368201976,0.0505380677128491,-0.011968733330723598,-0.014902848542161095,-0.004195442093220202,-0.006876682714068593,-0.017371701094196865,-0.015192126783422218,-0.009783771781541706,-0.0344104608967209,0.05694105400077466,-0.0019743358268753805,-0.014902848542161107,-0.004195442093220202,-0.0068766827140685945,-0.017371701094196865,-0.016309199409328234,-0.009783771781541706,-0.03441046089672091,0.05808280484454169,-0.003423025729192541,-0.006876682714067906,-0.0068766827140679145,0.009990559634919918,-0.0019743358268753805,-0.004195442093220202,0.018327055374996296,-0.017758173053008135,-0.0453065594823324,-0.004848077075129492,-0.027396986558717317,-0.004195442093220202,0.06435747398528585,-0.004848077075129031,-0.031529557357404744,0.040255827651596764,0.03783222438383763,-0.00484807707512908,-0.005946499917827839,-0.004848077075129658,-0.040575104032580196,-0.004848077075129079,-0.014006905027025163,-0.01314271520229678,-0.014310536484080197,-0.02679084494031401,0.00034059336525796757,0.04460322666513454,-0.050017758821468514,-0.03770152315569461,-0.02124150994952528,-0.012142332981419781,-0.025458473112858256,0.2886968484715771,-0.00978377178154304
cap-shape_x,-0.21956415040992708,-0.02007698489979886,-0.7202347239357104,-0.304732845535086,-0.056884450006570955,1.0,0.06351066328384189,-0.02007698489979908,-0.04063438183669087,-0.01913675491731866,-0.020175347186058033,-0.012814025894631726,-0.05040045965761059,0.05435721295450651,-0.05936097086661455,0.03599553072306641,0.004462410092377053,0.004462410092377576,0.032565232597613875,0.03331732436866483,-0.04855746211032815,0.04855746211032815,0.022859947093227376,0.17199378354564518,0.006690630098337453,0.022859947093227362,-0.01564873876642025,-0.015817398648189134,0.018119831920979802,-0.06479536752294546,-0.06479536752294492,-0.06315576883771967,0.06315576883771966,-0.03332765638930815,0.03332765638930815,0.05699484331973051,-0.05699484331973208,-0.12191757145366337,-0.02564959996609481,0.02525391160540402,0.031611195395675445,0.018567858905948236,0.04161175920454093,-0.035827471207019825,0.050202242416003025,-0.04923904518174945,0.05040069511162899,-0.009010045953928894,-0.04037927702826329,0.028820834009182304,-0.02882083400918212,-0.16121317305102856,0.1154407134446943,0.01742882830881884,0.028687234339234806,0.015628799489602312,0.023189813329811886,-0.0345328594286182,0.02401657808603077,-0.031003359411484403,0.024583106805175354,-0.029014007953145297,0.017572097510555686,-0.010516633793910489,0.023806118630936297,-0.01564873876642025,-0.025649599966094786,0.02774991478303421,0.019932472595988654,-0.06255369253841855,-0.029639802482929634,0.019439022502671776,-0.028400140306983533,0.023806118630936093,-0.01564873876642025,-0.025649599966095168,0.027749914783033968,0.0097617235904907,-0.06255369253841855,-0.02963980248292956,0.025362536676000334,-0.03100335941148224,-0.04396687757901444,-0.04396687757901502,0.06706921260040945,-0.028400140306983533,-0.01564873876642025,0.08678043958103522,-0.08515771536536836,-0.10499781826673378,0.007744418636200509,0.04376451322722704,-0.01564873876642025,0.06845671968811587,-0.030996749467554895,0.050365967332196095,0.07847014468541759,0.07296741545615607,-0.030996749467554967,-0.08553835153213872,0.0077444186362013055,-0.15351506472413642,-0.03099674946755436,0.022374919920986905,-0.06549585545201174,-0.004585502687863551,0.059264454663835474,-0.060421350376648884,0.04462627611322379,0.07177348044660835,0.023197066465281815,-0.09663892097763252,-0.004528753106113971,-0.029042189867227855,0.0028446981092120492,-0.036492861862412844
cap-surface_f,-0.0916381485414389,-0.014032410198717532,0.06480104359913545,-0.15894192956596775,0.09946419258828162,0.06351066328384189,1.0,-0.014032410198717305,-0.42836216216077777,-0.5154787922750713,-0.0918729251636373,-0.002098757042417403,-0.09858278165520712,0.23865030751404923,-0.10199130241199995,-0.018840748282848367,-0.02808558096276862,-0.02808558096276882,-0.0334390262047951,0.0401518252576692,0.028808074284815684,-0.028808074284815684,-0.11364736522710997,0.07385836984152906,0.019221088375763664,-0.11364736522710965,-0.04218042678520219,0.286170969506503,-0.1140428593323698,-0.17465281366231286,-0.17465281366231225,-0.10298925461861452,0.10298925461861452,-0.20241430097222995,0.20241430097222995,0.25788942401263526,-0.2578894240126423,-0.32862298190866795,-0.06913726975628602,0.09144168076355973,0.09799292769682283,0.004349700591724697,0.062372017893074075,-0.05633817268633192,0.15056201433344105,-0.03441465355639134,0.11367733875448656,-0.017852299106865647,-0.06539665202879112,0.010958230733774957,-0.010958230733774957,-0.3244141384845255,0.32874771461627283,-0.17136697267241313,0.12659821382262784,-0.09836476350880163,0.05020677829513338,0.0351347447804137,-0.05561586833388607,-0.03441465355639224,0.03402694734169173,0.037507672251857166,-0.016515055485587703,-0.0965929404245062,0.11250263435172346,-0.04218042678520219,-0.06913726975628622,0.1311401730171532,0.10513548458603168,-0.09836476350880861,-0.01979854077158816,-0.09793288179016228,-0.019849714510305202,0.11250263435172285,-0.04218042678520219,-0.06913726975628601,0.1311401730171532,0.11414771697535617,-0.09836476350880861,-0.019798540771586326,-0.10713881431521709,0.005755554129256522,-0.06913726975628756,-0.06913726975628715,0.10044378157549003,-0.019849714510305202,-0.04218042678520219,0.038170260342275254,-0.028492258421807182,-0.21188078517678882,-0.04874193364436663,0.20682174635501901,-0.04218042678520219,0.06261042104632103,-0.048741933644367706,0.12375145553372925,0.11998420421250985,0.11575789131973424,-0.04874193364436819,-0.059785333425877794,0.03659846914158797,-0.2978694964995818,-0.04874193364436806,0.10573909479090347,-0.13213514190681602,-0.053189566621581974,-0.03355285709060199,-0.11648460030264218,0.2105519191088796,0.19075557371584817,0.0806942676960313,-0.1919874629021312,-0.12207742973074294,-0.08672698402486465,-0.011913387798227738,-0.09836476350881043
cap-surface_g,0.01881960901601571,0.2496305418718906,-0.0062849080648867675,0.010863256330906991,-0.0013957223504833043,-0.02007698489979908,-0.014032410198717305,1.0,-0.015037747645679033,-0.01809599605117153,-0.003225219186288763,-0.001637844395319456,-0.010561788067062757,-0.012009994385158968,-0.01388013235146118,-0.002981479183088578,-0.0009859504790760453,-0.0009859504790760692,0.057926139745219644,-0.008653528371741286,-0.026321226185609555,0.026321226185609555,-0.005050807819459865,-0.0034531165951052793,-0.013357034238925071,-0.00505080781945987,-0.0014807531327776823,0.02533247967181309,-0.004003499587315787,-0.006131225326284177,-0.006131225326284185,-0.0036154603696996945,0.0036154603696996967,-0.05057342694217054,0.05057342694217054,-0.03317424095018713,0.03317424095018805,-0.011536381849380925,-0.0024270790171148225,-0.00708872678578809,-0.006984358810449295,-0.005103709575917057,-0.00854158978325622,-0.0019777639075360775,-0.01052723054034139,-0.0012081339604880397,-0.005635278078075393,0.053261763847470125,-0.002295763811445607,0.02540877825095458,-0.02540877825095459,-0.0147124269301239,0.023816654466446083,-0.006015875157721976,-0.008875399766023815,-0.00345311659510593,-0.005992612795562733,-0.014252789947243686,0.01675014561269289,-0.0012081339604879619,-0.006267628010679785,-0.01396470372327101,0.017837071857400584,-0.004224284111437831,-0.005259860385579654,-0.0014807531327776823,-0.002427079017114824,-0.006131225326283918,-0.0053619591995938175,-0.0034531165951047172,-0.012144941257914071,0.02009696289970735,-0.0006968285810750645,-0.005259860385579658,-0.0014807531327776823,-0.002427079017114825,-0.0061312253262839215,-0.005756222486656436,-0.0034531165951047172,-0.012144941257914077,0.020499936198159274,-0.0012081339604880443,-0.0024270790171145823,-0.0024270790171145857,0.003526100980279776,-0.0006968285810750645,-0.0014807531327776823,0.0064684112086722464,-0.006267628010679659,-0.01599064613411184,-0.0017110962700561242,-0.009669582555089238,-0.0014807531327776823,0.022714538564455235,-0.001711096270055963,-0.011128145686367998,-0.012144941257909917,-0.012549176354377618,-0.00171109627005598,-0.0020987772412864925,-0.0017110962700562856,0.03439849099000551,-0.0017110962700559796,-0.00494364313424908,0.10619741271108696,-0.005050807819460982,-0.009455648938463018,-0.022074953472781603,-0.011468512819475729,-0.017653432325784788,-0.013306499597151673,0.06570730394398404,-0.0042855549431901965,-0.008985397243003368,-0.004834560397429194,-0.0034531165951051886
cap-surface_s,0.11771249037983822,-0.01503774764567989,-0.09339705879298282,0.13798772409293472,-0.04260669659468247,-0.04063438183669087,-0.42836216216077777,-0.015037747645679033,1.0,-0.5524097346899205,0.1474184664954921,-0.03555119289653293,-0.010886451807597966,-0.15636738680944348,0.07865787232713829,0.05362591731195189,-0.03009774322582204,-0.03009774322582249,0.18151990250041514,-0.14511289642123396,0.1044387901128202,-0.1044387901128202,0.03203844879585309,0.06210895117029042,-0.06215083508003192,0.03203844879585325,-0.04520239963060327,-0.12513678325071914,0.07200833030985664,0.1102783424526983,0.11027834245269896,0.21035764604856125,-0.21035764604856122,-0.15214535974665083,0.15214535974665083,-0.19825680864933165,0.19825680864933698,0.20749735991554097,0.04365428389359339,-0.08103191188286414,-0.035460977362759535,0.07723260999248206,-0.026669852287464206,0.13151995592268176,-0.10776746168671764,0.021729915886845752,-0.14535441653345857,-0.028502077502839663,0.09568451792990983,-0.07180627383404876,0.07180627383404861,0.29685638818769566,-0.36991284820784903,0.08510772981252492,0.1227298396831338,-0.10541200477502732,0.17098509410322502,-0.14125454043685945,0.043832735853173536,0.002193192041699314,0.14921908142409573,-0.12990248864274964,0.08415475166418579,-0.11740765067098168,-0.16056579985360764,-0.04520239963060327,0.04365428389359222,-0.1871656330073603,-0.15439236849048163,0.22962990711556167,-0.09881153707014485,0.2512110076816025,-0.02127182667964275,-0.16056579985360772,-0.04520239963060327,0.043654283893592584,-0.18716563300735964,-0.16699145241488877,0.22962990711556167,-0.09881153707014569,0.2641528755839264,-0.036880255648583125,0.16139910539141455,0.16139910539141433,-0.22079838749277966,-0.02127182667964275,-0.04520239963060327,-0.09858071478595042,0.11273172838142194,0.2630216811330566,-0.05223399883032179,-0.2951797468740987,-0.04520239963060327,-0.019316154884216962,0.11378673923601414,-0.14916613348185634,-0.09881153707012277,-0.07126073680144444,0.11378673923601482,0.03774933443634885,0.030776370202857596,0.219174534472927,0.11378673923601447,0.08891807779199917,0.11255409500518136,0.0908455789398884,0.1877157175191462,0.01957438719594887,-0.33969555096958215,-0.3016701884499523,0.12393189270112871,0.1907989883804985,0.077081475638988,-0.03957399916422407,0.11754810877506394,0.06210895117028116
cap-surface_y,-0.02794725390374622,0.015892568665163666,0.029075683200406415,0.015261209898249249,-0.05127168187002563,-0.01913675491731866,-0.5154787922750713,-0.01809599605117153,-0.5524097346899205,1.0,-0.05489808272649531,0.03571787447579075,0.10172024775041714,-0.07129500739651434,0.02011215599501419,-0.033334447863519925,0.05448445480910101,0.05448445480910213,-0.14389319748612606,0.10095083972751628,-0.12440078243894946,0.12440078243894946,0.07466472074536526,-0.1268497960666155,0.04180668797905974,0.07466472074536527,0.08182766666118145,-0.14642474954691462,0.03708435902248739,0.05679345190094124,0.056793451900941073,-0.10430431421258334,0.10430431421258327,0.3332285944445141,-0.3332285944445141,-0.048362288870754444,0.04836228887075576,0.10686133893416501,0.022481997982910472,-0.0071818125480350185,-0.05643689415096359,-0.07700896204746685,-0.0318496724497316,-0.07265290395767887,-0.03620141582432143,0.011190927477534472,0.0332328617458157,0.041076489765390745,-0.030306571799227057,0.05682619381082641,-0.05682619381082641,0.01839723617866684,0.046462566191632415,0.0776234617575219,-0.23272253148426786,0.19082213465009337,-0.20815319650617814,0.1021732351450057,0.008973788331807911,0.029714785429347336,-0.17258102049154733,0.08920819616594251,-0.06536844460218443,0.20059670990230558,0.0487220110038257,0.08182766666118145,0.022481997982910423,0.05679345190093664,0.04966775084768988,-0.12684979606657834,0.11249841597145788,-0.14877707160417952,0.03850733494329376,0.04872201100382618,0.08182766666118145,0.02248199798291025,0.056793451900936855,0.05331980599792624,-0.12684979606657834,0.11249841597145782,-0.15257589036914515,0.02971478542934768,-0.0891584369884617,-0.08915843698846174,0.11655542085573975,0.03850733494329376,0.08182766666118145,0.0579736568967203,-0.08032583309403163,-0.053250255648972324,0.09455662264829301,0.08956920395512566,0.08182766666118145,-0.04045776547439319,-0.06285690243259799,0.027804726699650853,-0.016418802105297756,-0.03862514781063565,-0.06285690243259834,0.01944094336132161,-0.06285690243262171,0.06534593274172039,-0.06285690243259813,-0.18160409767064473,0.010334963431377771,-0.036851921858258085,-0.14661070256011602,0.089870407280425,0.12841838485486998,0.11090211282997071,-0.1913257928562632,-0.006819446569310751,0.03969703372204289,0.11791487989514886,-0.10024759359830566,0.03198616929175843
cap-color_b,0.010010644428695164,-0.0032252191862891712,0.019202991478554032,-0.0032094841050611875,-0.009138066322123991,-0.020175347186058033,-0.0918729251636373,-0.003225219186288763,0.1474184664954921,-0.05489808272649531,1.0,-0.010723286550917428,-0.0691500854762825,-0.07863177456603034,-0.09087593241137924,-0.019520325445580577,-0.006455209995747377,-0.006455209995747431,-0.05567813081408189,-0.056656337239274865,-0.17233019911196662,0.17233019911196662,-0.033068623439725414,-0.022608227526906704,0.10049936751475518,-0.03306862343972545,-0.009694779430403411,-0.0016703209396340736,-0.02621169227305273,-0.040142327482317004,-0.040142327482317136,-0.023671123867797173,0.0236711238677972,0.06377300059131975,-0.06377300059131975,0.09722058723608976,-0.0972205872360924,-0.07553094096438147,0.17621495422970387,-0.02253556648353597,0.05093973231332275,-0.03341498155236512,-0.05592345347822629,-0.012948805864088244,0.00256055594383578,0.11958998184254664,-0.036895264164295685,0.09535798392913725,-0.015030813228480787,-0.0012377695283008134,0.0012377695283007908,-0.006170134880562887,0.07268915711238941,-0.039387107441425956,-0.0581089725110592,-0.02260822752690856,0.12574632905749647,-0.09331579433986985,0.02331927044076959,-0.007909888562814615,0.11771292565230168,-0.09142963766964125,0.03175470290502341,-0.027657211594023044,-0.03443733134452891,-0.009694779430403411,0.17621495422970543,-0.04014232748231693,-0.03510579218385522,-0.02260822752689799,-0.0795152980495782,0.0898556412781863,-0.004562272565753021,-0.03443733134452892,-0.009694779430403411,0.17621495422970315,-0.04014232748231698,-0.03768711078514843,-0.02260822752689799,-0.07951529804957819,0.09256774535010551,-0.007909888562814877,-0.015890559479652417,-0.015890559479652417,0.023086070524815396,-0.004562272565753021,-0.009694779430403411,-0.18949033868521428,0.19708707970270814,-0.017154451741326966,-0.011202880855139104,-0.06330864205557053,-0.009694779430403411,0.06565773690070269,-0.011202880855136172,0.1343895929314734,-0.07951529804958254,-0.08216190403104508,-0.011202880855136191,0.20775240195683436,-0.011202880855139544,-0.002625024336807163,-0.011202880855136182,-0.03236699535409594,0.176962878697978,-0.03306862343973857,0.053234057112538896,-0.019972398346434137,-0.07508658919466712,-0.11558046294118036,0.030558139289899852,-0.049084637364494504,0.02770145689551436,-0.05882914743665548,0.16799581143725825,0.2507090945393414
cap-color_c,-0.01791164933164289,-0.0016378443953191978,-0.003687467483366152,0.04166186899996461,-0.004640531339196675,-0.012814025894631726,-0.002098757042417403,-0.001637844395319456,-0.03555119289653293,0.03571787447579075,-0.010723286550917428,1.0,-0.03511608774208731,-0.03993111904283856,-0.04614899886560335,-0.00991289390865769,-0.003278111936420275,-0.003278111936420326,-0.028274702966969,-0.028771459875075064,0.03500001716933539,-0.03500001716933539,-0.016793047676246887,-0.01148100535320276,-0.04440978964260245,-0.016793047676246863,0.29808002979320786,0.04362241115102573,-0.013310932002317007,-0.02038524586529797,-0.02038524586529802,0.0513926939608656,-0.0513926939608656,-0.07699628453817972,0.07699628453817972,-0.037721478026733965,0.037721478026735034,-0.03835644065917088,-0.008069610863311002,-0.023568769815184975,-0.023221764653156413,-0.01696893671223357,-0.0283992837558474,-0.0065757171483818355,-0.035001190043626035,-0.004016832935038992,-0.018736308490973137,0.1487446092816072,0.09069243394749887,0.08447971885196494,-0.08447971885196494,-0.0489162319577636,0.03883480825059571,0.05970430432202421,-0.02950914323887886,-0.011481005353202154,0.06004878450335795,-0.0031238461638329177,-0.028020817135886868,-0.004016832935039247,0.056113099538024534,-0.04643018380266764,-0.023128120050423796,0.09552759168339128,-0.017488110690947543,0.29808002979320786,-0.008069610863310834,-0.020385245865297386,-0.017827571290656728,-0.011481005353201778,-0.04037979366062736,0.026369055129117837,-0.002316832475604372,-0.017488110690947554,0.29808002979320786,-0.008069610863310933,-0.02038524586529739,0.14650139934741682,-0.011481005353201778,-0.040379793660627224,-0.05297622819214402,-0.004016832935039285,-0.008069610863310902,-0.008069610863310893,0.011723665597598803,-0.002316832475604372,0.29808002979320786,-0.10336318284317288,0.030462479425098308,0.03170186317482077,-0.0056890941545981845,-0.03214966133365172,0.29808002979320786,-0.04526420888888238,-0.00568909415459813,-0.036999127216710066,-0.04037979366062575,-0.041723804260526076,-0.005689094154598193,-0.006978065199578254,-0.00568909415459736,0.11436893262112444,-0.005689094154598156,-0.01643674394576774,0.08508018580440985,-0.016793047676245544,-0.031438369684476726,0.020525590870705688,-0.021681418790798823,-0.01738394891916668,-0.044241770846627074,0.10783268530377281,-0.014248716453407513,0.008698466879035822,-0.016074063031042092,-0.01148100535320224
cap-color_e,-0.11550489455104007,-0.010561788067063526,0.009127976635863072,0.1626572201427879,-0.029924887042510007,-0.05040045965761059,-0.09858278165520712,-0.010561788067062757,-0.010886451807597966,0.10172024775041714,-0.0691500854762825,-0.03511608774208731,1.0,-0.25749944122682095,-0.2975960029650111,-0.06392419505403045,-0.021139202009374636,-0.021139202009375246,-0.1823319854131029,-0.18553536737011306,-0.0004259875382436293,0.0004259875382436298,-0.10829149036590995,-0.07403630386615953,-0.07957561010961918,-0.10829149036591007,0.025567709426273805,-0.01753928527949699,-0.08583675176060637,0.22452702913317635,0.22452702913317352,-0.06552181836846785,0.06552181836846785,0.20884066407321208,-0.20884066407321208,-0.27470128878309824,0.2747012887831057,0.4224652342303585,0.018421316498564617,-0.15198534885291282,-0.14974765460676623,-0.10942572676029304,-0.04684909960106576,-0.042404108173310695,-0.10772520855441202,-0.025902911340008855,0.07070195686286723,-0.04283008049627285,-0.030623053459101834,-0.3772567746074692,0.3772567746074692,0.3128195455010235,-0.07708727490190893,-0.11390586286764286,-0.19029238541849403,-0.07403630386615781,-0.12848419381881637,0.004213272616555672,0.06618523295171747,-0.025902911340010944,-0.13438063822593355,0.004640843367612581,0.09396468117714912,-0.06984386198222307,-0.11277366722932941,0.025567709426273805,0.018421316498565137,0.10586598407214008,-0.1149627096814104,-0.0740363038661642,0.20970296952808448,-0.11236416370852562,-0.014940304258545973,-0.11277366722932944,0.025567709426273805,0.018421316498564762,0.10586598407213883,-0.12341588400095754,-0.0740363038661642,0.20970296952808412,-0.10276386646410389,-0.02590291134001004,-0.052037617227586715,-0.05203761722758672,0.07560112045126542,-0.014940304258545973,0.025567709426273805,0.06782506758582549,-0.07615619529541322,0.2671869588779732,-0.03668663941834604,-0.20732000573701417,0.025567709426273805,-0.09941555373881031,-0.03668663941834901,-0.23859222612725126,-0.04342550031236942,-0.05580692636879168,-0.036686639418349064,-0.04499868605755947,-0.03668663941833961,0.3364071515348202,-0.03668663941834892,-0.10599383345812088,-0.004399389680290183,-0.10829149036592353,-0.202733177052954,0.2576457390431334,-0.021858917697954165,0.1919437572626702,-0.285297070179045,0.14061035331549543,-0.09188413981124795,0.0700224955837543,-0.10365505269956796,0.026208851568622307
cap-color_g,-0.06975966956245509,-0.012009994385159891,0.05679350115809577,-0.1356322595137871,0.0410926460162917,0.05435721295450651,0.23865030751404923,-0.012009994385158968,-0.15636738680944348,-0.07129500739651434,-0.07863177456603034,-0.03993111904283856,-0.25749944122682095,1.0,-0.3384016325608197,-0.0726893229441524,-0.024037757227023376,-0.024037757227024528,-0.20733289734098762,-0.2109755191275191,0.05050120751984492,-0.05050120751984492,-0.12314015231098904,0.03971476408415619,0.1695967165686344,-0.12314015231098956,-0.03610118872523994,0.13821101520636908,-0.09760647535621335,-0.14948104293788653,-0.1494810429378862,-0.0881459672419159,0.08814596724191591,-0.10776466614162637,0.10776466614162637,0.2907600816045889,-0.2907600816045968,-0.2812603189092999,-0.05917288689680059,0.12346969971902058,0.15016984297346633,-0.022093469740257027,-0.0011939784185873977,-0.048218454852098816,0.1474049582968816,-0.029454654626417966,0.059880349016933905,-0.033330039747379796,-0.05597138428477401,0.06865268476306405,-0.06865268476306405,-0.2667359457334795,0.31650109865486853,-0.14666877253804422,0.04293424027115834,-0.08418797916457679,0.05957300844828119,0.11821543323203247,-0.13963859414033206,-0.02945465462641795,0.04509787231913178,0.1292928671333209,-0.10476711388404017,-0.10298926577316828,0.15486001269877842,-0.03610118872523994,-0.059172886896800725,0.07051605721199941,0.14755912968365642,-0.08418797916456368,-0.01116553720629466,-0.12001639784791814,-0.016988881912643573,0.1548600126987787,-0.03610118872523994,-0.05917288689680073,0.07051605721199929,0.12106567486842455,-0.08418797916456368,-0.011165537206295468,-0.10911344081217715,-0.029454654626417925,-0.05917288689679934,-0.05917288689679934,0.08596735953856384,-0.016988881912643573,-0.03610118872523994,-0.008706584551148658,0.018110901582486544,-0.23111983013672427,-0.041717020889550066,0.28469038482051956,-0.03610118872523994,0.021938743702474058,-0.0417170208895498,0.2747854810837176,0.03352962133714397,0.01803108428331084,-0.04171702088954986,-0.05116879485359168,-0.041717020889549275,-0.2510214257755115,-0.04171702088954979,0.056857512738278465,-0.11309121454616039,-0.025275854741744395,-0.0021684605459266182,-0.11470500170495575,0.18189705381932056,0.0863288182967036,0.11836427615251544,-0.18278020348234508,-0.10448306633412882,-0.029679558270274884,0.017891868834641007,-0.08418797916456873
cap-color_n,-0.08490178929942183,-0.013880132351461962,0.0190143095386478,0.1259915255723562,0.030614300121033174,-0.05936097086661455,-0.10199130241199995,-0.01388013235146118,0.07865787232713829,0.02011215599501419,-0.09087593241137924,-0.04614899886560335,-0.2975960029650111,-0.3384016325608197,1.0,-0.08400815109871601,-0.02778079997736566,-0.027780799977365832,-0.2396177686362852,-0.24382760178691862,0.051746174558495055,-0.051746174558495055,-0.08157063583175156,-0.09729732219110651,-0.19786740772107378,-0.08157063583175149,0.007745368097029292,0.10613443016297774,0.08781426897553815,0.13448460733147752,0.13448460733147813,0.23977171288649676,-0.23977171288649676,0.06611669132393352,-0.06611669132393325,-0.22143786202458207,0.22143786202458812,0.25304334785891364,-0.007575267658195754,-0.18839978538926208,-0.13559491092424403,-0.00840729786644965,0.043589321727109914,0.14248883637828277,-0.09579297006504131,-0.03404119031782746,0.006517910901732077,-0.02771030753485786,0.12259252961697263,-0.22132643516042833,0.22132643516042871,0.25136065036599464,-0.24022895301536,-0.15649458177537173,0.0930179495838952,0.0757419609701798,-0.01652776005115372,-0.12457909514977401,0.12118293454668735,0.04667995099625467,-0.030031427735289773,-0.1310591155306786,0.103335790359605,0.08967558510594059,-0.14820534335318952,0.007745368097029292,-0.007575267658195528,0.03207057002729791,-0.13188976338195602,0.24878124413138414,0.06352648424446333,-0.017070389544269312,-0.01963430805115356,-0.14820534335318952,0.007745368097029292,-0.007575267658195411,0.03207057002729609,-0.10810673740805093,0.24878124413138414,0.06352648424446265,-0.02665846499609309,0.006319380339213965,0.17485993329589014,0.17485993329588975,-0.23990370643805903,-0.01963430805115356,0.007745368097029292,0.09663669670501335,-0.10122230349337391,0.24682883686831503,-0.0482129926697654,-0.272456623865473,0.007745368097029292,-0.02824951991810535,0.12327665376158095,-0.31355407395491575,0.01671142999899865,0.02985256972766141,0.12327665376158166,-0.05913655094713111,-0.04821299266975911,0.19030438197090868,0.12327665376158123,0.025858689721818363,0.08260285353803608,-0.14231493846229193,-0.0841854352555471,0.13372145899734386,-0.068021023076951,0.008410217953924742,-0.14645670392849294,0.24391489822942164,-0.12075266171624448,0.02390922420475286,0.011243770520529071,-0.010777680610486973
